      MU_R = 9.118800D+01
      MP__MU_R = 91.188_16
      MDL_CTHETA1 = 9.916910D-01
      MP__MDL_CTHETA1 = 0.991691032055_16
      MDL_CTHETA2 = 9.745705D-01
      MP__MDL_CTHETA2 = 0.974570513347_16
      MDL_CTHETA3 = 6.223930D-01
      MP__MDL_CTHETA3 = 0.622392984245_16
      MDL_KAP111 = 2.794087D+01
      MP__MDL_KAP111 = 27.9408716984_16
      MDL_KAP112 = 4.075126D+01
      MP__MDL_KAP112 = 40.7512590971_16
      MDL_KAP122 = -6.949998D+01
      MP__MDL_KAP122 = -69.4999845793_16
      MDL_KAP222 = 2.183112D+02
      MP__MDL_KAP222 = 218.31124667_16
      MDL_KAP133 = -1.829553D+01
      MP__MDL_KAP133 = -18.2955322631_16
      MDL_KAP113 = 1.342836D+02
      MP__MDL_KAP113 = 134.283608589_16
      MDL_KAP123 = -4.036442D+02
      MP__MDL_KAP123 = -403.644245574_16
      MDL_KAP333 = -8.559180D+01
      MP__MDL_KAP333 = -85.5917972835_16
      MDL_KAP233 = 1.318174D+03
      MP__MDL_KAP233 = 1318.17398618_16
      MDL_KAP223 = 2.281126D+02
      MP__MDL_KAP223 = 228.112605665_16
      MDL_KAP1111 = 6.350041D-02
      MP__MDL_KAP1111 = 0.0635004134696_16
      MDL_KAP1112 = -1.639974D-01
      MP__MDL_KAP1112 = -0.163997379608_16
      MDL_KAP1122 = 3.843343D-01
      MP__MDL_KAP1122 = 0.384334313206_16
      MDL_KAP1222 = -3.919197D-01
      MP__MDL_KAP1222 = -0.391919662711_16
      MDL_KAP2222 = 3.912693D-01
      MP__MDL_KAP2222 = 0.39126934816_16
      MDL_KAP1113 = -1.725184D-02
      MP__MDL_KAP1113 = -0.0172518438648_16
      MDL_KAP1133 = 1.039645D-01
      MP__MDL_KAP1133 = 0.103964471191_16
      MDL_KAP1333 = -2.544330D-01
      MP__MDL_KAP1333 = -0.254432999916_16
      MDL_KAP3333 = 2.750664D-01
      MP__MDL_KAP3333 = 0.275066360591_16
      MDL_KAP2223 = 1.044185D+00
      MP__MDL_KAP2223 = 1.04418528575_16
      MDL_KAP2333 = -2.167957D-01
      MP__MDL_KAP2333 = -0.216795672658_16
      MDL_KAP2233 = 3.695749D+00
      MP__MDL_KAP2233 = 3.69574854224_16
      MDL_KAP1233 = -2.994300D-01
      MP__MDL_KAP1233 = -0.299430014589_16
      MDL_KAP1223 = -1.983773D+00
      MP__MDL_KAP1223 = -1.98377311466_16
      MDL_KAP1123 = 7.598843D-01
      MP__MDL_KAP1123 = 0.759884256538_16
      AEWM1 = 1.325070D+02
      MP__AEWM1 = 132.507_16
      MDL_GF = 1.166390D-05
      MP__MDL_GF = 1.16639E-05_16
      AS = 1.180000D-01
      MP__AS = 0.118_16
      MDL_YMB = 4.700000D+00
      MP__MDL_YMB = 4.7_16
      MDL_YMT = 1.730000D+02
      MP__MDL_YMT = 173.0_16
      MDL_YMTAU = 1.777000D+00
      MP__MDL_YMTAU = 1.777_16
      MDL_MT = 1.730000D+02
      MP__MDL_MT = 173.0_16
      MDL_MB = 4.700000D+00
      MP__MDL_MB = 4.7_16
      MDL_MZ = 9.118800D+01
      MP__MDL_MZ = 91.188_16
      MDL_MH = 1.250900D+02
      MP__MDL_MH = 125.09_16
      MDL_META = 2.630000D+02
      MP__MDL_META = 263.0_16
      MDL_WETA = 1.202727D-01
      MP__MDL_WETA = 0.120272666382_16
      MDL_MIOTA = 4.550000D+02
      MP__MDL_MIOTA = 455.0_16
      MDL_WIOTA = 7.509868D+00
      MP__MDL_WIOTA = 7.50986831769_16
      MDL_MTA = 1.777000D+00
      MP__MDL_MTA = 1.777_16
      MDL_WT = 1.491500D+00
      MP__MDL_WT = 1.4915_16
      MDL_WZ = 2.441404D+00
      MP__MDL_WZ = 2.441404_16
      MDL_WW = 2.047600D+00
      MP__MDL_WW = 2.0476_16
      MDL_WH = 3.811005D-03
      MP__MDL_WH = 0.00381100456762_16
